| Type                            |      Found | Comprised | Reported  |   Fixed |
| ------------------------------- | ---------- | --------- | --------- | ------- |
| AWS S3 bucket/Instance          |        538 |         2 |       538 |     499 |
| Cassandra                       |      1,432 |           |     1,203 |   1,183 |
| CouchDB                         |     16,372 |     1,203 |    14,394 |  14,020 |
| Elasticsearch                   |     13,673 |       123 |    12,931 |  11,738 |
| Hadoop HDFS                     |      5,839 |        12 |     4,262 |   1,293 |
| Jenkins                         |      6,930 |        28 |     4,272 |   3,622 |
| MongoDB                         |         18 |        15 |        18 |      18 |
| Redis                           |     21,382 |           |           |         |
| Vuln: EternalBlue               |      7,493 |           |        14 |      14 |
| Devices with default creds      |    132,932 |           |   102,902 |  83,272 |
| Memcached                       |    107,431 |        23 |    55,120 |  49,768 |
| DNSmasq                         |  1,266,907 |         0 |    13,932 |   7,732 |
| GSoap                           |    187,721 |         0 |         8 |       8 |
| IOT Devices (with bad settings) |    193,893 |    28,372 |    27,389 |  14,732 |
| Palo Alto RCE CVE-2017-15944    |     27,392 |           |     3,547 |   3,547 |
| Exim CVE-2017-16943             |  6,401,689 |           |    47,239 |  46,282 |
| MySQL                           |         37 |        31 |        37 |      37 |
| PostgreSQL                      |          2 |         0 |         2 |       2 |
| RiaK                            |        178 |           |         2 |       2 |
| IEC 60870-5-104                 |        569 |           |         1 |       1 |
| SIMATIC 30 “Tecnodrone”         |      2,778 |           |         4 |       3 |
| GE-SRTP                         |     20,352 |           |        17 |      12 |
| PLC                             |        788 |           |       372 |     370 |
| FINS                            |      1,155 |           |         6 |       5 |
| ProCroNos                       |        180 |           |         1 |       1 |
| HART                            |        121 |         0 |         0 |       0 |
| Red Lion Controls               |      1,088 |           |         1 |       1 |
| Modbus                          |     13,817 |           |     9,328 |   8,372 |
| DNP3                            |        347 |         0 |         0 |       0 |
| Niageria Fox                    |     49,766 |         0 |    12,632 |  10,392 |
| MELSEC-Q                        |        114 |         0 |         1 |       0 |
| BACnet                          |     13,744 |           |         1 |       1 |
| EtherNET                        |     28,656 |         0 |        39 |      32 |
| CODESYS                         |      2,154 |         0 |       196 |     192 |
| MQTT                            |     36,554 |           |    18,201 |  17,772 |
| TR-069                          | 24,745,091 |    79,887 |    86,382 |  85,923 |
| Total                           | 33,309,133 |   109,696 |   414,992 | 360,846 |
