| date       | hosts   | reported | fixed  |
| ---------- | ------- | -------- | ------ |
| 01-03-2018 |  91,188 |        2 |      0 |
| 02-03-2018 |  92,776 |        3 |      0 |
| 03-03-2018 |  92,992 |        8 |      0 |
| 04-03-2018 |  97,394 |       12 |      3 |
| 05-03-2018 |  99,887 |        3 |      0 |
| 06-03-2018 | 101,832 |        2 |      4 |
| 07-03-2018 | 107,431 |    2,302 |    364 |
| 08-03-2018 |  80,614 |    5,382 |  2,706 |
| 09-03-2018 |  73,627 |   12,839 |  3,405 |
| 10-03-2018 |  67,438 |   18,340 | 15,537 |
| 11-03-2018 |  58,633 |   12,528 | 27,274 |
| 12-03-2018 |  59,093 |      853 |    247 |
| 13-03-2018 |  60,481 |    2,480 |     37 |
| 14-03-2018 |  61,002 |       82 |    104 |
| 15-03-2018 |  62,252 |        4 |      1 |
| 16-03-2018 |  63,982 |        3 |      0 |
| 17-03-2018 |  64,991 |        0 |      2 |
| 18-03-2018 |  65,232 |        0 |      0 |
| 19-03-2018 |  65,938 |        0 |     19 |
| 20-03-2018 |  66,017 |        2 |      0 |
| 21-03-2018 |  64,732 |        0 |      1 |
| 22-03-2018 |  62,841 |       18 |      0 |
| 23-03-2018 |  61,832 |       23 |      0 |
| 24-03-2018 |  61,233 |       17 |      1 |
| 25-03-2018 |  60,978 |        5 |      4 |
| 26-03-2018 |  60,332 |        2 |      0 |
| 27-03-2018 |  59,212 |        1 |      0 |
| 28-03-2018 |  58,299 |        0 |      0 |
| 29-03-2018 |  56,328 |        0 |      0 |
| 30-03-2018 |  55,293 |        1 |      2 |
| 31-03-2018 |  49,032 |        2 |     54 |
| 01-04-2018 |  48,330 |      202 |      2 |
| 02-04-2018 |  47,093 |        2 |      0 |
| 03-04-2018 |  46,282 |        1 |      1 |
| 04-04-2018 |  45,908 |        1 |      0 |
| 05-04-2018 |  44,847 |        0 |      7 |
| 06-04-2018 |  44,793 |        0 |     19 |
| 07-04-2018 |  44,702 |        0 |      2 |
| 08-04-2018 |  44,629 |        0 |      0 |
| 09-04-2018 |  44,583 |        0 |      1 |
| 10-04-2018 |  44,242 |        0 |      1 |
| 11-04-2018 |  44,201 |        0 |     36 |
| 12-04-2018 |  43,382 |        0 |     29 |
| 13-04-2018 |  43,277 |        0 |     12 |
| 14-04-2018 |  43,183 |        0 |      2 |
| 15-04-2018 |  43,178 |        0 |      0 |
| 16-04-2018 |  43,106 |        0 |      2 |
| 17-04-2018 |  43,005 |        0 |      0 |
| 18-04-2018 |  42,328 |        0 |      3 |
| 19-04-2018 |  42,304 |        0 |      0 |
| 20-04-2018 |  42,237 |        0 |      0 |
| 21-04-2018 |  42,163 |        0 |      0 |
| 22-04-2018 |  42,021 |        0 |      0 |
| 23-04-2018 |  42,017 |        0 |      1 |
| 24-04-2018 |  42,001 |        0 |      3 |
| 25-04-2018 |  41,997 |        0 |      7 |
| 26-04-2018 |  41,995 |        0 |      0 |
| 27-04-2018 |  41,993 |        0 |      3 |
| 28-04-2018 |  41,993 |        0 |      0 |
| 29-04-2018 |  41,991 |        0 |      0 |
| 30-04-2018 |  41,989 |        0 |      4 |
| 01-05-2018 |  41,984 |        3 |      0 |
| 02-05-2018 |  41,978 |       28 |      0 |
| 03-05-2018 |  41,943 |       43 |      0 |
| 04-05-2018 |  41,942 |       16 |     32 |
| 05-05-2018 |  41,854 |       24 |      7 |
| 06-05-2018 |  41,849 |       52 |      3 |
| 07-05-2018 |  41,808 |       23 |     29 |
| 08-05-2018 |  41,797 |       29 |      3 |
| 09-05-2018 |  41,752 |        3 |      1 |
| 10-05-2018 |  41,603 |        9 |      5 |
| 11-05-2018 |  41,563 |       13 |      1 |
| 12-05-2018 |  41,556 |       17 |      0 |
| 13-05-2018 |  41,429 |       30 |      8 |
| 14-05-2018 |  41,382 |        2 |     16 |
| 15-05-2018 |  41,297 |        1 |      0 |
| 16-05-2018 |  41,228 |        2 |      2 |
| ---------- | ------- | -------- | ------ |
| Totals     |         |   55,415 | 50,007 |
